glu1	ac1	o21	glu2	ac2	o22	fitness
glu1	1	0.114773397696312	0.162883359186842	0.120151017069032	-0.0494146695040064	-0.127686205203604	-0.205205389883024
ac1	0.114773397696312	1	0.128639157409499	-0.0192855031196309	-0.0543823792195157	-0.0860785922484649	-0.0926104358678623
o21	0.162883359186842	0.128639157409499	1	0.0142654447807134	-0.207099363313905	-0.63991163784291	0.0402431396877736
glu2	0.120151017069032	-0.0192855031196309	0.0142654447807134	1	-0.14356025262661	0.0721861988445962	-0.186037161232438
ac2	-0.0494146695040064	-0.0543823792195157	-0.207099363313905	-0.14356025262661	1	0.16476180370999	0.0282136963719011
o22	-0.127686205203604	-0.0860785922484649	-0.63991163784291	0.0721861988445962	0.16476180370999	1	0.0057281016786246
fitness	-0.205205389883024	-0.0926104358678623	0.0402431396877736	-0.186037161232438	0.0282136963719011	0.0057281016786246	1
