glu1	ac1	o21	glu2	ac2	o22	fitness
glu1	1	0.0477744919004427	0.0423622045701911	0.48201141121174	0.0526443688582959	-0.131537483632574	0.334752216692321
ac1	0.0477744919004427	1	0.011264460212907	0.0476157871741779	0.0309479872907421	-0.0678059784927724	0.00678571856891878
o21	0.0423622045701911	0.011264460212907	1	0.0609326072654821	0.0613949813858418	-0.204592881024836	-0.246671112544653
glu2	0.48201141121174	0.0476157871741779	0.0609326072654821	1	0.0623975827273424	-0.0881671420065442	0.318317527240817
ac2	0.0526443688582959	0.0309479872907421	0.0613949813858418	0.0623975827273424	1	0.139101586147458	-0.0910972473752403
o22	-0.131537483632574	-0.0678059784927724	-0.204592881024836	-0.0881671420065442	0.139101586147458	1	-0.306715056133407
fitness	0.334752216692321	0.00678571856891878	-0.246671112544653	0.318317527240817	-0.0910972473752403	-0.306715056133407	1
