[1] "All configurations:"
[1] 500
               glu1         ac1         o21        glu2         ac2         o22
glu1     1.00000000 -0.04974494 -0.16122397  0.46208308  0.12758857  0.16227858
ac1     -0.04974494  1.00000000  0.05770413 -0.07151272  0.03615424 -0.03630268
o21     -0.16122397  0.05770413  1.00000000 -0.10611621 -0.02549000 -0.22662607
glu2     0.46208308 -0.07151272 -0.10611621  1.00000000  0.21011950  0.22149119
ac2      0.12758857  0.03615424 -0.02549000  0.21011950  1.00000000  0.06466724
o22      0.16227858 -0.03630268 -0.22662607  0.22149119  0.06466724  1.00000000
sd       0.01676512  0.04738365 -0.04564951  0.01666291 -0.02758923  0.01986302
fitness  0.31329488 -0.10535469 -0.27060863  0.28582624  0.00894706 -0.17690192
                 sd     fitness
glu1     0.01676512  0.31329488
ac1      0.04738365 -0.10535469
o21     -0.04564951 -0.27060863
glu2     0.01666291  0.28582624
ac2     -0.02758923  0.00894706
o22      0.01986302 -0.17690192
sd       1.00000000 -0.12216055
fitness -0.12216055  1.00000000
[1] "Sd<0.1:"
[1] 499
               glu1         ac1         o21        glu2          ac2
glu1     1.00000000 -0.05232592 -0.16000802  0.46114059  0.128874039
ac1     -0.05232592  1.00000000  0.05980712 -0.07406739  0.037751806
o21     -0.16000802  0.05980712  1.00000000 -0.10485845 -0.026419038
glu2     0.46114059 -0.07406739 -0.10485845  1.00000000  0.211460787
ac2      0.12887404  0.03775181 -0.02641904  0.21146079  1.000000000
o22      0.16107575 -0.03833920 -0.22572840  0.22040940  0.065623988
sd      -0.17051419 -0.06440062 -0.07972764 -0.16217793 -0.009731466
fitness  0.32284803 -0.09836090 -0.27841163  0.29486501  0.005260666
                o22           sd      fitness
glu1     0.16107575 -0.170514193  0.322848032
ac1     -0.03833920 -0.064400618 -0.098360896
o21     -0.22572840 -0.079727643 -0.278411627
glu2     0.22040940 -0.162177926  0.294865013
ac2      0.06562399 -0.009731466  0.005260666
o22      1.00000000 -0.092093496 -0.173955072
sd      -0.09209350  1.000000000  0.121033471
fitness -0.17395507  0.121033471  1.000000000
