glu1	ac1	o21	glu2	ac2	o22	fitness
glu1	1	-0.0497449402088845	-0.16122397217596	0.462083078889272	0.12758856623216	0.162278582273151	0.313294876791502
ac1	-0.0497449402088845	1	0.0577041348707668	-0.0715127217290759	0.0361542387355541	-0.0363026820831929	-0.105354694917562
o21	-0.16122397217596	0.0577041348707668	1	-0.106116208258682	-0.025489998739547	-0.226626065197516	-0.270608632115358
glu2	0.462083078889272	-0.0715127217290759	-0.106116208258682	1	0.210119504642285	0.221491190673777	0.285826242106807
ac2	0.12758856623216	0.0361542387355541	-0.025489998739547	0.210119504642285	1	0.0646672410112867	0.00894706031612409
o22	0.162278582273151	-0.0363026820831929	-0.226626065197516	0.221491190673777	0.0646672410112867	1	-0.176901915029449
fitness	0.313294876791502	-0.105354694917562	-0.270608632115358	0.285826242106807	0.00894706031612409	-0.176901915029449	1
