glu1	ac1	o21	glu2	ac2	o22	fitness
glu1	1	-0.0391021862087102	0.187975519560969	0.326246596588448	-0.0391057855189652	0.316735507273152	-0.76650701216544
ac1	-0.0391021862087102	1	-0.0226266035264075	-0.0220365234012264	-0.0239823350315981	-0.0227207040507364	0.041323626927889
o21	0.187975519560969	-0.0226266035264075	1	0.278750634179646	0.0580973682049503	0.171372146504881	-0.519409374032031
glu2	0.326246596588448	-0.0220365234012264	0.278750634179646	1	0.116045646623777	0.217594775784024	-0.745615603694694
ac2	-0.0391057855189652	-0.0239823350315981	0.0580973682049503	0.116045646623777	1	-0.00643876923441287	-0.0490597299127895
o22	0.316735507273152	-0.0227207040507364	0.171372146504881	0.217594775784024	-0.00643876923441287	1	-0.559746598405654
fitness	-0.76650701216544	0.041323626927889	-0.519409374032031	-0.745615603694694	-0.0490597299127895	-0.559746598405654	1
