glu1	ac1	o21	glu2	ac2	o22	fitness
glu1	1	0.0844357493634388	0.0797614817400588	0.120620008184575	0.000385470712985884	-0.117707090672173	-0.134569521991561
ac1	0.0844357493634388	1	0.119814784862303	0.0461239895512796	-0.104182007722911	-0.0860218108282073	-0.0688958912414255
o21	0.0797614817400588	0.119814784862303	1	-0.00320695500883614	-0.0121311658494309	-0.542818600019004	0.0887900986358507
glu2	0.120620008184575	0.0461239895512796	-0.00320695500883614	1	-0.0690012210560744	0.0283931925485116	-0.142214218301909
ac2	0.000385470712985884	-0.104182007722911	-0.0121311658494309	-0.0690012210560744	1	0.0886060912017975	0.0872469332086158
o22	-0.117707090672173	-0.0860218108282073	-0.542818600019004	0.0283931925485116	0.0886060912017975	1	-0.0157340458339938
fitness	-0.134569521991561	-0.0688958912414255	0.0887900986358507	-0.142214218301909	0.0872469332086158	-0.0157340458339938	1
