glu1	ac1	o21	glu2	ac2	o22	fitness
glu1	1	-0.0459660748395772	-0.0423616258164236	0.199560476415487	0.0474553039701909	-0.241646738204747	0.0572865713375387
ac1	-0.0459660748395772	1	0.0734986992863588	-0.110124132987367	0.00728830838244676	-0.105013969637585	-0.140193463813531
o21	-0.0423616258164236	0.0734986992863588	1	-0.203580105187218	-0.0128616287673772	-0.0443160164105512	-0.488426101370296
glu2	0.199560476415487	-0.110124132987367	-0.203580105187218	1	0.102080400996426	-0.101953358078079	0.146024047860227
ac2	0.0474553039701909	0.00728830838244676	-0.0128616287673772	0.102080400996426	1	0.0123103867048114	-0.142687256565741
o22	-0.241646738204747	-0.105013969637585	-0.0443160164105512	-0.101953358078079	0.0123103867048114	1	-0.424459942867103
fitness	0.0572865713375387	-0.140193463813531	-0.488426101370296	0.146024047860227	-0.142687256565741	-0.424459942867103	1
