glu1	ac1	o21	glu2	ac2	o22	fitness
glu1	1	0.0141221264523098	-0.0424709535815459	0.155945908513579	-0.0084037784083792	-0.0935088799996884	-0.0779560609553348
ac1	0.0141221264523098	1	0.127369512782148	0.024308847027609	-0.0023589877512984	-0.140098069673608	-0.0145010574419157
o21	-0.0424709535815459	0.127369512782148	1	-0.0675416254801343	0.0107448744589941	-0.476334163081679	0.0214950268325724
glu2	0.155945908513579	0.024308847027609	-0.0675416254801343	1	-0.0698529649656577	0.00835944731024959	-0.0972373289758181
ac2	-0.0084037784083792	-0.0023589877512984	0.0107448744589941	-0.0698529649656577	1	0.0652218597651515	0.0844541179775419
o22	-0.0935088799996884	-0.140098069673608	-0.476334163081679	0.00835944731024959	0.0652218597651515	1	0.0474118314674509
fitness	-0.0779560609553348	-0.0145010574419157	0.0214950268325724	-0.0972373289758181	0.0844541179775419	0.0474118314674509	1
