glu1	ac1	o21	glu2	ac2	o22	fitness
glu1	1	-0.0791887448619456	0.0722058455679901	0.37394525890145	0.10471915238778	0.128247816430893	-0.469145615655575
ac1	-0.0791887448619456	1	0.103554725975348	-0.02584079150819	-0.00355268490607961	-0.119200175799934	0.0285019159036731
o21	0.0722058455679901	0.103554725975348	1	0.0339556640934141	-0.0694436845380982	-0.637399132859227	-0.0292959733923516
glu2	0.37394525890145	-0.02584079150819	0.0339556640934141	1	0.116279815857377	0.225608921236355	-0.478807069252001
ac2	0.10471915238778	-0.00355268490607961	-0.0694436845380982	0.116279815857377	1	0.179499491313432	-0.0542225852054107
o22	0.128247816430893	-0.119200175799934	-0.637399132859227	0.225608921236355	0.179499491313432	1	-0.172313745730143
fitness	-0.469145615655575	0.0285019159036731	-0.0292959733923516	-0.478807069252001	-0.0542225852054107	-0.172313745730143	1
