glu1	ac1	o21	glu2	ac2	o22	fitness
glu1	1	0.0367350814890496	0.177369552364442	0.0956964015751224	-0.0469989934721053	-0.142831693019095	-0.154211443547932
ac1	0.0367350814890496	1	0.17325607459066	0.0486882635577537	0.0762749893493258	-0.0659727257331199	-0.130958625420083
o21	0.177369552364442	0.17325607459066	1	0.138080860986201	-0.105234553463533	-0.564443967269652	-0.00934639985626901
glu2	0.0956964015751224	0.0486882635577537	0.138080860986201	1	-0.0891516826572833	-0.0857399546262513	-0.205269806810567
ac2	-0.0469989934721053	0.0762749893493258	-0.105234553463533	-0.0891516826572833	1	0.133677770022592	0.00465952733657684
o22	-0.142831693019095	-0.0659727257331199	-0.564443967269652	-0.0857399546262513	0.133677770022592	1	0.0212042269807344
fitness	-0.154211443547932	-0.130958625420083	-0.00934639985626901	-0.205269806810567	0.00465952733657684	0.0212042269807344	1
