[1] "All configurations:"
[1] 500
                ec1         ec2         ec3         ec4         arg
ec1      1.00000000 -0.44243057 -0.40796648 -0.36052059  0.06009402
ec2     -0.44243057  1.00000000 -0.07349760 -0.34752935  0.02843712
ec3     -0.40796648 -0.07349760  1.00000000 -0.33670164 -0.04634456
ec4     -0.36052059 -0.34752935 -0.33670164  1.00000000 -0.05255064
arg      0.06009402  0.02843712 -0.04634456 -0.05255064  1.00000000
lys      0.17205055 -0.15115475 -0.16278439  0.08467384  0.02082030
met      0.03575820 -0.04284660  0.01919739 -0.01743550  0.04966010
phe     -0.15004727  0.08427249  0.12681441 -0.01808035  0.01230171
sd       0.04708786  0.09321752 -0.11809050 -0.03514853 -0.06142627
fitness  0.49270057 -0.15898024 -0.33582258 -0.11552338  0.22111873
                 lys          met          phe           sd     fitness
ec1      0.172050547  0.035758202 -0.150047266  0.047087859  0.49270057
ec2     -0.151154752 -0.042846596  0.084272489  0.093217516 -0.15898024
ec3     -0.162784385  0.019197387  0.126814406 -0.118090500 -0.33582258
ec4      0.084673843 -0.017435496 -0.018080350 -0.035148534 -0.11552338
arg      0.020820299  0.049660100  0.012301714 -0.061426270  0.22111873
lys      1.000000000  0.195102094 -0.062702432 -0.009739573  0.24476444
met      0.195102094  1.000000000  0.002011164  0.053722575  0.10214789
phe     -0.062702432  0.002011164  1.000000000 -0.063124815 -0.02581896
sd      -0.009739573  0.053722575 -0.063124815  1.000000000 -0.32820842
fitness  0.244764437  0.102147888 -0.025818959 -0.328208415  1.00000000
[1] "Sd<0.1:"
[1] 399
                ec1          ec2         ec3         ec4          arg
ec1      1.00000000 -0.374084266 -0.41585473 -0.44057268  0.132886937
ec2     -0.37408427  1.000000000 -0.10112285 -0.27428708  0.005745766
ec3     -0.41585473 -0.101122853  1.00000000 -0.34645708 -0.082149353
ec4     -0.44057268 -0.274287081 -0.34645708  1.00000000 -0.077758864
arg      0.13288694  0.005745766 -0.08214935 -0.07775886  1.000000000
lys      0.18969635 -0.182326450 -0.16682286  0.07996567  0.052602187
met      0.01014669 -0.050340691  0.05427384 -0.01997586  0.085124287
phe     -0.14948408  0.092915606  0.11871561 -0.01254057 -0.033742211
sd       0.30524845  0.067659736 -0.19861747 -0.21200151  0.079436444
fitness  0.60347311 -0.115502561 -0.44658212 -0.17889547  0.246111102
                lys          met          phe           sd     fitness
ec1      0.18969635  0.010146693 -0.149484084  0.305248451  0.60347311
ec2     -0.18232645 -0.050340691  0.092915606  0.067659736 -0.11550256
ec3     -0.16682286  0.054273838  0.118715614 -0.198617468 -0.44658212
ec4      0.07996567 -0.019975856 -0.012540574 -0.212001506 -0.17889547
arg      0.05260219  0.085124287 -0.033742211  0.079436444  0.24611110
lys      1.00000000  0.179052174 -0.078250427  0.062063973  0.29397888
met      0.17905217  1.000000000  0.008545714  0.005439349  0.15482838
phe     -0.07825043  0.008545714  1.000000000  0.005239072 -0.05264239
sd       0.06206397  0.005439349  0.005239072  1.000000000  0.46484350
fitness  0.29397888  0.154828383 -0.052642393  0.464843503  1.00000000
